100 4900
22 8
94 26
8 51
80 71
12 15
13 87
82 5
40 17
90 69
48 84
23 97
49 22
42 37
93 11
19 12
43 56
72 55
46 40
19 59
1 73
98 63
74 30
65 72
95 36
46 69
75 80
7 85
70 91
0 29
45 90
75 88
58 44
23 91
30 60
92 56
66 5
97 76
82 17
31 13
61 54
77 17
50 59
90 48
52 29
29 39
19 75
12 33
10 88
24 81
3 96
58 67
22 15
73 2
83 45
84 21
13 57
84 88
80 34
55 20
61 42
15 42
18 46
35 41
10 41
10 7
74 17
12 25
89 87
40 96
97 4
85 52
80 79
82 87
75 14
18 84
47 88
9 32
20 93
8 65
45 24
2 31
22 36
5 90
7 54
55 42
94 60
79 14
10 2
12 67
84 42
39 71
95 44
80 68
18 14
22 73
1 99
83 14
44 23
47 0
50 83
14 59
89 49
17 42
10 11
84 52
49 43
27 21
4 56
21 80
72 40
66 69
46 73
31 26
68 58
71 88
87 46
7 6
10 3
84 26
19 21
33 1
64 99
39 40
92 58
15 32
4 23
74 67
34 46
54 28
12 46
32 50
15 59
54 45
60 72
57 45
44 66
74 34
35 79
69 79
38 70
2 45
57 70
41 70
55 0
76 57
64 27
91 76
95 9
95 10
81 42
25 37
91 0
41 58
40 50
51 9
30 75
30 9
91 43
71 66
90 47
29 46
67 81
28 76
54 26
82 52
62 48
16 14
28 69
70 98
37 24
97 86
97 52
9 28
94 34
93 9
72 25
29 7
20 74
6 8
41 40
18 68
64 90
93 3
50 84
95 72
65 64
80 2
46 50
43 28
8 67
81 34
70 51
95 34
97 17
92 71
46 15
12 36
50 90
94 56
8 7
65 96
31 24
91 24
96 44
8 29
1 27
39 84
10 50
91 71
69 50
88 79
98 52
53 89
6 37
32 61
20 65
13 97
11 48
42 43
84 85
43 75
3 6
49 94
58 49
84 87
7 83
50 78
54 44
44 35
38 13
51 25
34 96
98 60
82 98
42 26
87 53
75 22
0 27
16 15
32 43
14 25
6 39
81 44
61 52
91 98
20 83
30 70
89 36
16 98
33 97
3 94
66 49
18 0
4 32
76 35
97 22
8 56
54 93
28 75
1 13
59 38
68 48
92 62
1 35
8 76
45 10
14 21
37 28
46 36
74 56
64 47
26 89
79 45
7 46
77 96
25 60
65 5
7 62
61 40
45 48
7 19
89 9
49 81
49 45
88 34
85 6
43 48
37 41
64 54
92 82
35 83
5 85
99 16
0 11
87 6
43 53
29 92
17 23
16 45
85 44
23 11
47 66
91 68
78 80
26 21
13 83
84 30
33 55
47 1
15 19
87 97
25 18
47 67
74 39
57 89
42 63
70 29
32 52
97 26
98 30
14 95
59 67
5 49
36 78
83 41
71 78
1 91
27 41
20 39
76 30
19 51
68 33
94 47
27 45
99 88
23 22
45 62
20 48
23 71
29 83
96 87
81 74
79 23
93 95
40 47
71 19
88 61
41 0
50 74
33 74
6 89
14 35
61 83
86 26
17 56
93 81
34 48
62 84
3 17
8 70
70 67
60 71
33 32
40 85
57 28
28 10
34 82
22 32
32 90
97 80
18 17
53 11
5 38
88 45
93 36
32 27
66 88
34 51
64 96
77 34
69 92
53 59
98 62
52 7
44 31
25 55
34 71
52 38
13 0
89 13
89 45
49 55
38 82
39 2
28 84
80 37
81 38
20 34
33 47
99 58
60 28
56 55
28 11
49 56
46 52
8 64
23 41
68 95
24 10
54 42
83 49
56 58
2 13
64 18
87 0
74 71
52 18
72 92
28 35
6 42
80 64
45 9
33 61
55 14
11 18
36 67
51 37
60 6
60 35
15 14
4 8
46 32
21 97
21 59
46 93
26 2
29 15
5 40
83 33
50 60
78 10
24 44
60 41
44 71
80 58
3 31
20 62
99 19
21 67
17 96
13 29
28 58
48 67
39 81
67 37
91 42
51 96
1 7
59 78
17 95
26 76
64 49
99 27
14 6
29 33
83 55
48 23
81 6
35 48
55 4
79 27
60 52
61 1
62 77
53 5
33 40
38 77
83 84
65 66
43 20
29 18
65 17
77 35
21 37
86 39
2 20
72 5
94 92
60 48
2 92
22 79
14 13
86 99
64 66
65 69
12 75
57 59
27 65
65 36
49 42
3 34
22 24
41 97
68 57
2 41
76 90
35 95
90 79
68 97
98 46
11 32
85 28
43 52
33 89
28 42
67 40
19 30
19 47
14 31
45 47
50 82
5 61
89 97
12 65
96 15
81 70
16 48
47 71
4 91
75 96
72 30
59 63
89 94
55 23
63 77
63 58
33 81
55 80
2 54
37 57
99 3
43 45
65 79
46 17
66 97
73 44
85 38
46 77
84 38
59 75
3 52
92 40
74 49
19 70
2 64
66 9
47 68
24 12
17 66
13 73
18 90
24 59
32 20
11 67
95 2
79 17
51 42
54 92
10 27
78 26
4 50
11 87
76 44
21 69
94 32
96 16
80 29
36 70
54 96
52 42
21 6
76 95
84 86
51 93
12 49
76 23
23 37
67 9
86 42
95 81
12 69
86 90
98 27
24 3
5 42
12 21
90 59
33 80
63 82
37 19
93 32
52 80
20 88
10 61
32 97
51 39
6 47
96 12
80 77
81 20
94 53
54 84
72 81
41 87
81 97
24 34
20 97
2 47
53 86
48 81
59 11
35 10
6 95
3 57
57 88
6 88
18 59
20 98
36 98
48 99
73 90
51 28
0 71
58 77
76 92
71 8
22 28
20 86
39 89
84 65
76 11
9 26
67 55
69 87
79 77
54 27
97 67
22 68
6 57
65 14
42 85
84 72
92 90
12 5
20 92
9 27
8 28
40 24
95 96
94 83
38 69
15 21
54 3
48 79
59 16
75 24
58 4
59 29
49 65
23 61
27 3
93 85
75 18
29 77
21 45
10 83
85 64
87 61
29 72
80 67
64 61
24 38
42 11
32 65
84 69
55 77
22 18
88 89
48 55
24 9
10 68
65 15
61 46
60 51
19 93
99 82
81 78
52 40
39 85
4 1
15 87
51 89
27 29
25 47
94 9
51 76
1 70
12 85
47 52
34 22
56 70
47 10
0 44
79 11
80 0
1 18
6 54
31 9
91 60
82 96
13 85
96 55
8 98
96 59
30 11
76 21
21 13
77 52
17 83
78 96
71 42
54 97
12 7
22 94
83 58
5 98
57 60
83 27
91 65
26 32
54 29
91 17
4 78
73 27
37 38
80 65
28 0
73 98
10 90
22 14
4 68
82 49
12 0
82 32
63 75
98 7
26 38
25 76
78 74
7 33
75 81
24 11
61 86
59 31
4 60
86 37
79 92
76 82
21 7
27 48
28 38
87 40
4 43
13 34
42 16
54 76
77 73
35 5
47 16
69 55
70 21
30 2
50 52
85 29
0 6
59 73
31 98
82 2
54 94
49 6
94 91
5 76
73 40
13 98
71 6
46 72
19 0
60 92
33 94
59 71
25 59
83 48
12 99
21 57
25 87
50 38
64 78
31 57
86 54
3 38
69 59
28 7
68 96
6 98
98 32
0 75
87 75
92 93
77 47
95 42
50 48
74 44
50 54
47 4
66 6
57 26
17 35
61 75
2 99
49 50
72 37
73 72
70 14
9 96
22 99
62 42
78 99
65 31
69 70
84 14
84 75
52 10
2 59
65 29
16 37
96 21
3 45
63 57
95 30
75 47
30 78
42 10
23 10
65 68
81 35
40 57
68 31
16 46
83 65
69 62
53 97
12 50
26 30
36 23
72 16
25 95
75 9
34 86
68 76
46 3
16 76
58 15
73 54
33 36
51 68
31 41
9 65
84 47
59 9
22 53
96 45
12 13
29 64
87 31
69 58
70 37
5 94
22 41
4 26
41 29
32 5
75 25
29 93
82 55
7 30
12 90
67 13
70 7
70 32
51 95
68 92
54 55
86 87
77 81
81 43
4 36
71 4
71 12
40 4
10 13
48 31
40 11
23 26
82 39
19 33
4 98
81 26
18 51
53 35
55 51
5 95
41 45
25 66
52 1
92 10
49 86
66 90
40 62
71 61
89 71
39 92
27 49
21 85
85 71
73 39
72 98
60 66
0 79
80 54
30 10
64 10
16 7
77 84
78 94
27 38
66 74
1 42
76 86
11 31
47 39
60 15
29 95
16 54
85 76
3 11
54 70
38 18
1 32
99 54
97 38
95 83
52 71
30 97
11 78
45 20
22 63
21 74
3 9
32 53
82 91
53 4
41 85
13 16
78 53
20 23
27 67
48 9
80 7
59 51
85 82
58 42
31 99
89 40
12 84
24 55
94 36
93 7
95 82
25 30
34 47
14 43
18 27
65 56
69 6
16 89
45 22
76 63
80 45
42 76
52 44
9 87
99 81
40 54
42 74
82 41
23 29
72 52
61 37
58 87
58 53
62 87
99 60
77 85
20 63
54 46
95 60
28 36
70 64
93 33
24 60
7 63
33 99
28 53
20 57
95 32
30 35
10 98
45 13
57 94
61 39
12 87
63 91
58 34
59 86
43 3
74 68
51 46
95 22
2 35
74 88
21 79
6 36
17 73
84 49
15 88
97 18
86 75
2 56
96 29
70 18
6 62
97 25
74 91
97 95
66 85
20 0
10 16
45 63
98 67
82 27
17 54
5 3
95 1
0 26
10 72
9 79
28 19
34 8
79 30
57 17
46 63
6 58
77 57
61 80
52 17
29 11
24 23
43 65
4 75
57 78
11 25
41 64
44 48
81 13
64 48
89 70
22 80
96 93
75 40
85 9
77 27
4 22
60 44
9 82
3 18
77 31
1 28
29 61
21 60
13 52
80 49
44 34
44 68
12 83
16 22
63 93
29 43
13 94
67 85
10 43
62 79
44 56
96 85
83 62
96 33
82 71
43 38
2 44
97 69
11 66
94 75
84 10
94 35
80 93
92 8
57 64
74 2
99 34
86 63
42 93
84 24
89 84
41 74
66 27
5 44
3 64
8 60
59 87
9 73
54 15
85 65
27 12
42 83
16 17
34 17
34 72
30 12
4 72
97 6
53 39
8 88
58 85
62 3
61 0
28 86
59 47
6 40
31 54
26 91
91 14
31 22
95 50
78 41
5 96
4 2
39 32
36 55
87 71
65 55
22 86
99 7
56 34
75 66
18 62
58 88
39 65
75 62
19 25
67 75
13 68
98 65
87 29
98 1
24 90
60 62
52 55
94 72
78 6
67 50
12 16
50 58
85 30
32 24
98 95
53 76
86 21
2 40
77 53
49 47
69 44
3 61
68 26
21 90
66 56
48 73
45 15
83 15
10 75
98 23
18 15
37 32
72 77
74 4
69 85
42 12
42 90
56 61
2 84
93 44
44 97
99 18
39 50
7 72
80 63
11 83
76 58
18 93
54 60
62 91
73 38
67 20
7 31
20 22
24 66
1 77
72 17
91 28
15 17
88 49
61 59
60 77
18 40
82 86
28 79
24 62
27 93
33 17
90 23
57 39
99 50
50 24
21 24
78 83
38 58
27 34
84 13
87 83
24 16
87 60
20 13
36 47
39 3
77 94
85 57
97 59
12 91
74 70
0 10
78 45
80 81
74 32
29 24
62 55
19 66
40 43
54 33
70 93
45 12
72 14
26 36
90 56
82 26
65 58
34 33
10 53
77 66
36 77
4 45
14 49
17 13
80 27
74 48
58 89
60 79
48 71
99 53
18 72
62 23
55 19
85 10
89 61
15 7
23 52
54 91
50 23
81 85
14 11
91 5
11 82
23 6
41 24
89 77
90 54
56 48
36 44
19 23
76 67
10 56
78 66
13 4
48 6
85 16
85 34
63 40
46 76
41 71
66 72
7 92
26 87
41 1
40 84
40 86
26 88
16 33
76 84
10 4
0 56
72 12
45 94
0 37
88 28
36 72
66 26
55 17
29 51
17 47
10 44
33 31
56 63
79 95
90 74
37 14
76 38
66 1
49 10
69 25
64 33
73 52
79 47
26 8
1 96
21 1
42 99
50 63
45 30
94 46
81 71
39 24
32 13
28 5
33 91
62 49
16 1
91 80
46 33
48 87
1 80
52 8
8 54
83 56
65 35
88 33
11 54
97 60
49 36
13 37
61 77
44 80
66 45
52 5
96 89
36 63
8 63
78 93
75 79
41 95
0 40
78 72
72 9
4 70
22 37
1 49
29 60
32 55
44 88
95 7
28 82
63 11
32 51
58 14
0 90
82 47
89 98
26 16
19 17
17 94
93 10
52 64
48 24
76 31
60 34
86 32
48 12
74 99
44 13
98 68
44 83
56 11
61 17
21 36
91 84
16 0
29 62
33 77
96 56
37 96
11 52
68 82
84 33
82 51
56 62
66 3
56 97
95 45
3 2
49 71
34 87
42 60
6 82
40 88
55 40
20 16
48 98
84 57
24 6
22 19
88 55
49 20
5 56
91 96
66 40
79 2
83 32
71 32
7 79
53 79
69 11
55 66
44 27
98 75
0 22
14 69
7 61
53 64
93 16
94 87
91 69
81 21
15 50
16 31
67 71
71 72
21 44
72 47
81 51
29 74
8 93
80 92
2 21
90 34
87 32
31 74
94 86
2 25
24 77
32 88
20 29
85 32
84 68
70 82
64 81
93 55
8 55
72 44
42 48
69 48
54 77
1 59
26 47
96 24
36 51
5 23
22 46
99 71
62 90
91 89
34 75
27 47
95 80
0 63
15 9
13 19
84 92
92 35
87 14
39 14
29 56
10 89
44 12
84 37
26 48
30 44
77 20
55 12
63 6
48 63
65 1
68 36
55 61
0 36
54 0
72 13
70 83
73 99
14 3
67 87
71 24
45 72
17 84
48 18
80 41
56 98
63 23
79 93
81 27
73 28
30 38
16 84
73 23
93 57
49 41
58 18
25 65
15 74
9 55
47 93
89 24
53 2
93 72
18 61
67 56
92 63
68 52
16 68
43 74
69 32
11 80
71 68
66 29
80 8
63 49
56 12
84 96
54 87
38 61
73 76
39 68
4 57
93 94
46 68
9 63
40 1
49 13
53 92
14 61
5 93
86 77
30 15
74 16
45 65
48 8
71 55
28 61
28 97
91 64
79 16
68 73
24 17
33 14
49 31
75 37
65 63
92 61
42 32
99 35
68 8
76 24
42 30
9 90
90 67
26 43
46 57
88 39
55 7
99 23
4 94
39 64
34 14
88 25
62 74
47 21
84 35
57 14
92 19
37 45
3 84
13 27
73 15
62 1
3 85
50 22
41 12
52 66
39 21
65 21
41 52
9 47
26 92
69 16
96 22
79 81
85 53
71 37
96 39
69 56
90 26
39 77
38 14
89 14
21 68
58 12
50 11
18 83
4 86
60 38
32 75
61 43
63 83
8 14
62 12
14 60
15 79
88 63
81 47
24 35
78 63
26 22
36 84
95 92
86 60
35 40
71 27
48 46
81 84
63 87
48 30
68 85
10 29
14 63
10 33
81 73
21 87
49 26
18 78
54 5
38 83
65 13
39 69
88 65
97 39
14 96
94 44
97 42
33 66
6 92
58 22
18 37
63 18
61 82
41 84
45 1
16 88
7 56
49 4
62 64
46 23
8 21
14 26
93 89
30 31
20 11
73 91
67 32
58 93
58 46
34 49
36 32
41 43
38 11
21 91
37 92
19 74
98 69
24 2
43 31
7 27
81 96
2 1
80 10
62 43
56 9
3 8
59 91
13 64
48 51
25 46
28 59
18 79
30 4
67 89
76 13
92 4
1 15
13 28
22 77
95 67
2 60
93 23
68 15
59 41
39 35
82 33
71 95
53 67
81 36
1 69
63 51
35 11
73 24
86 12
58 90
23 18
8 81
41 65
11 68
59 64
60 96
78 44
9 33
45 44
50 27
88 3
22 88
1 76
49 98
6 17
99 84
59 84
27 30
27 59
9 70
25 7
80 96
17 67
30 61
9 97
25 39
72 6
4 5
51 45
33 25
7 73
7 48
49 51
77 2
48 80
85 36
29 31
70 96
98 41
33 75
83 98
95 75
92 9
99 85
22 87
69 77
53 56
11 62
8 46
85 18
34 50
44 47
11 81
15 47
42 2
9 38
50 73
56 86
0 48
35 37
48 14
5 78
45 68
45 61
3 44
34 76
93 21
3 71
27 24
95 65
49 61
83 53
18 8
64 69
90 49
4 59
72 89
10 65
23 86
36 35
38 34
53 41
15 34
0 64
1 14
25 92
33 41
99 93
41 88
71 9
63 38
32 62
80 18
35 27
25 81
18 57
92 85
53 40
31 71
99 51
3 33
79 74
95 33
41 26
43 79
42 72
49 92
14 23
15 51
17 59
27 75
37 39
50 62
39 12
27 96
59 62
37 7
12 60
99 91
52 67
57 73
34 9
46 96
64 93
41 11
58 30
30 55
78 97
44 91
71 17
28 64
0 65
84 22
96 61
64 60
36 79
37 85
36 31
4 25
43 19
73 62
62 58
31 97
51 26
19 61
3 87
50 76
93 98
18 55
75 16
4 17
5 87
65 4
28 63
39 94
79 99
30 28
35 26
50 89
86 68
49 85
34 1
68 2
48 52
42 14
84 29
19 82
68 93
7 42
80 30
59 77
95 66
86 78
96 92
43 95
70 52
98 76
41 18
34 70
66 86
3 1
45 75
64 55
15 28
67 63
43 77
1 89
72 97
40 90
74 13
99 28
18 89
43 55
20 30
63 21
50 1
86 58
4 88
68 69
94 38
64 40
20 27
0 42
15 53
35 73
64 68
42 31
49 48
80 47
25 58
73 10
51 10
15 39
33 43
81 53
70 10
91 31
79 12
31 80
76 81
78 27
67 83
46 10
31 35
89 17
91 47
78 52
49 73
83 26
63 99
72 39
68 70
81 61
95 63
76 47
50 81
35 68
93 71
64 20
58 73
2 75
21 4
67 60
86 74
13 55
74 75
10 97
81 46
4 28
64 82
41 57
3 29
14 71
1 24
70 65
85 59
36 60
43 44
79 70
39 80
61 48
4 79
43 58
32 49
61 63
50 19
73 16
14 94
93 17
78 24
78 49
34 66
25 61
21 62
70 5
73 31
20 18
53 91
86 93
20 66
34 92
94 98
36 69
81 92
53 47
31 32
82 24
44 38
9 61
38 62
0 67
62 26
96 88
77 83
94 25
89 90
80 50
47 57
25 89
86 73
84 23
57 90
55 98
49 76
89 66
87 90
88 43
63 90
26 10
96 97
9 62
88 82
85 31
16 80
36 19
12 93
87 38
69 35
85 27
24 28
3 73
8 83
47 85
60 11
14 44
11 64
85 22
38 22
36 25
92 31
57 12
40 30
0 96
9 77
9 39
3 21
57 30
8 79
48 5
56 68
54 66
49 67
8 91
24 95
59 3
47 73
37 55
35 70
14 9
81 52
87 30
99 61
80 20
98 53
94 6
81 19
13 99
67 99
68 78
1 19
41 89
71 57
80 66
49 29
99 39
35 22
46 89
87 56
49 59
87 74
85 89
74 82
33 39
53 17
5 16
53 84
82 44
73 19
94 19
47 42
7 22
53 9
91 66
80 23
65 24
77 3
85 26
77 10
99 20
62 51
25 67
29 45
1 12
54 49
96 28
17 1
72 54
44 92
51 35
28 40
0 5
76 77
16 62
50 29
32 25
5 21
92 0
70 86
82 22
46 13
98 79
53 69
21 48
62 31
41 50
22 61
47 22
82 36
76 78
99 6
83 52
43 96
60 10
92 46
59 68
20 75
11 57
44 90
9 19
25 43
39 7
6 2
18 2
91 20
96 83
41 93
18 60
99 29
64 5
94 84
57 75
5 39
13 42
22 64
99 97
40 14
73 6
85 94
62 53
23 38
74 69
31 34
46 43
80 87
9 6
95 16
37 48
49 57
88 80
72 15
49 52
38 96
34 37
96 32
27 11
69 60
66 39
74 73
3 28
13 43
82 78
91 92
85 2
83 40
26 29
80 53
82 54
77 18
88 42
6 4
26 80
70 42
94 37
46 84
42 65
24 46
56 72
1 30
32 91
81 83
93 31
6 52
34 83
1 74
88 2
57 24
99 14
46 53
81 7
5 24
80 70
15 37
95 73
65 86
34 41
27 33
80 12
81 86
1 82
73 61
55 41
26 27
9 58
38 80
18 74
24 85
14 85
98 12
2 78
37 88
3 12
1 93
6 76
93 77
58 82
82 8
61 53
80 32
45 34
33 79
27 95
45 8
62 2
5 47
78 33
40 60
87 16
19 84
14 82
32 79
41 75
38 55
69 99
37 30
6 27
89 78
30 32
76 64
35 16
14 86
66 93
89 20
78 20
22 89
2 57
19 44
30 91
3 47
97 3
13 53
87 55
31 1
95 52
57 27
79 49
88 31
23 12
28 77
7 97
18 47
53 34
41 19
17 43
63 97
47 31
23 64
89 8
65 48
10 99
63 2
31 0
36 30
83 80
74 92
94 0
66 63
84 15
40 32
16 40
83 25
41 5
6 16
83 19
49 39
0 72
84 74
50 85
74 12
59 34
73 0
30 88
44 32
12 76
63 37
8 59
84 60
53 55
67 86
51 7
30 43
68 43
7 9
9 50
28 94
39 52
89 62
3 95
46 59
74 24
49 2
66 51
27 97
51 87
15 20
65 47
38 2
17 26
50 66
45 98
14 10
48 15
0 2
75 93
26 33
96 10
27 17
56 39
50 61
75 56
16 61
90 99
77 67
11 70
78 43
2 86
26 25
27 40
7 23
92 5
76 22
71 2
67 4
94 12
76 56
58 47
40 26
90 96
30 3
88 19
12 32
75 36
61 27
92 50
4 82
10 79
41 6
83 76
84 45
48 88
69 75
92 57
44 51
51 77
75 23
92 41
54 38
52 53
27 5
43 57
98 58
10 66
62 10
7 11
43 69
66 23
60 37
64 21
1 26
17 7
24 47
28 72
79 25
8 85
91 22
19 8
24 18
67 35
45 52
77 16
22 90
41 63
54 14
28 65
25 17
20 59
50 8
58 78
34 4
6 30
16 43
31 23
18 31
47 28
21 17
54 71
7 74
59 36
51 30
7 60
52 56
74 96
43 12
29 94
51 57
25 8
38 75
14 27
40 65
22 1
60 56
62 47
19 91
72 22
52 24
39 18
15 93
42 73
68 37
6 46
78 95
28 66
69 26
37 69
34 84
76 74
82 13
59 60
15 35
98 59
56 80
79 58
82 90
92 77
52 31
13 47
17 98
8 47
8 78
29 82
3 36
2 48
11 43
24 26
37 64
82 20
77 41
85 70
42 96
48 72
21 40
61 74
27 89
31 55
65 46
1 75
51 84
90 98
30 65
66 73
7 38
8 5
45 97
78 16
70 17
53 48
60 90
74 25
81 98
95 99
14 52
54 83
70 45
66 61
63 84
11 19
11 85
62 81
79 61
41 51
73 5
15 86
94 7
98 15
29 69
16 52
66 92
9 25
45 67
64 67
26 70
83 46
50 20
33 24
56 14
19 39
82 18
74 36
75 48
42 19
31 66
38 68
3 82
15 62
81 91
87 28
21 77
11 22
8 15
35 25
81 45
82 84
8 86
21 30
52 21
26 55
87 64
30 33
3 89
35 98
13 23
99 45
13 22
31 81
62 72
90 37
43 50
33 69
47 46
74 3
69 22
10 59
87 37
9 76
49 33
17 60
12 89
37 97
99 0
61 11
81 82
9 22
56 45
31 46
15 69
75 44
36 41
44 7
49 72
46 99
68 24
55 76
17 12
72 11
40 79
66 70
91 56
43 51
15 5
61 34
11 95
53 27
98 18
88 0
43 6
32 48
61 20
56 54
52 76
43 71
47 69
32 35
23 43
35 13
77 49
26 37
94 74
76 94
78 85
63 53
46 75
88 11
81 14
17 9
34 32
59 99
17 58
63 74
81 58
64 63
92 87
95 57
25 23
86 29
25 5
20 33
11 13
19 62
26 61
50 28
12 82
72 33
30 69
20 19
81 60
58 3
40 25
5 6
97 0
12 37
6 26
39 55
97 5
56 73
35 89
10 40
53 37
51 40
88 93
43 21
79 44
62 68
33 71
88 13
62 54
65 94
83 79
19 16
25 99
0 74
7 0
95 40
76 69
81 9
34 42
78 92
78 7
9 18
39 91
52 15
78 87
62 46
37 79
68 30
2 37
60 47
8 16
58 26
26 44
3 19
17 10
92 51
20 51
7 14
4 87
14 32
27 63
18 69
37 89
73 53
53 51
61 57
78 23
77 14
4 84
60 33
79 78
94 81
29 22
39 22
96 57
24 67
37 78
99 94
87 52
66 12
27 43
31 79
45 91
6 68
95 84
20 70
15 94
16 44
0 33
20 96
55 10
41 86
49 69
37 9
64 42
91 97
12 2
97 85
58 94
13 91
90 93
19 69
17 0
49 24
47 78
49 35
0 85
29 2
89 43
82 72
49 21
25 53
98 77
61 67
67 54
38 12
17 88
37 52
19 96
43 82
34 43
21 50
58 51
22 78
84 32
61 60
94 27
24 83
0 98
32 68
0 93
74 85
47 55
88 18
74 6
68 19
90 17
49 87
9 57
83 22
95 47
62 82
5 83
20 37
54 24
43 5
38 6
84 25
88 5
36 90
74 83
88 46
41 91
8 13
40 49
3 50
99 44
69 27
28 83
14 76
48 91
5 55
90 71
65 82
67 19
96 8
36 76
70 31
92 28
65 61
59 94
78 42
55 89
4 18
42 41
83 66
32 10
30 62
5 69
92 88
77 42
17 76
4 95
81 4
19 58
63 52
82 10
67 79
78 31
97 34
91 7
29 67
98 87
40 12
92 23
79 1
77 0
18 45
30 90
62 33
41 28
65 92
81 32
24 87
97 84
7 3
83 86
38 25
35 64
34 11
58 20
19 54
61 24
67 68
76 37
53 16
34 26
6 13
12 9
91 9
73 83
2 89
26 13
31 50
11 84
97 82
77 11
93 2
73 78
24 8
10 58
85 33
10 67
11 9
49 11
6 93
15 75
49 68
91 85
56 20
75 35
78 56
86 98
81 22
90 41
44 70
38 1
85 51
36 11
87 8
79 50
99 24
20 17
37 59
88 53
64 9
86 17
50 51
19 98
90 70
56 50
8 41
43 73
52 36
27 19
97 55
30 14
9 84
46 95
86 5
85 15
69 54
39 87
87 85
97 71
25 86
98 37
24 51
51 67
47 30
70 43
9 74
62 34
33 57
60 13
47 89
25 15
1 10
97 2
17 31
92 89
44 89
91 18
75 17
3 51
62 71
2 32
19 89
79 97
0 70
86 71
11 96
97 90
37 47
30 41
34 7
40 7
63 94
6 96
35 21
3 76
37 54
16 90
8 57
81 12
77 19
76 71
29 9
75 49
43 2
62 96
55 6
66 32
39 38
75 51
62 63
59 80
36 15
8 69
34 29
37 50
86 45
39 90
6 34
13 50
82 37
90 38
11 71
42 38
44 53
8 61
3 23
65 71
27 31
7 69
56 41
14 68
72 2
71 77
39 17
38 53
42 24
76 61
22 3
8 12
69 57
35 86
13 58
52 34
91 78
73 33
75 42
73 45
79 73
66 13
90 8
69 89
64 79
46 60
43 76
21 42
56 22
37 46
12 77
80 25
58 37
52 65
27 37
72 41
64 44
18 26
94 24
95 86
88 76
97 58
86 43
51 56
5 67
27 90
5 89
56 15
49 18
97 49
8 75
18 16
90 2
94 69
75 6
77 25
91 49
39 4
70 27
96 36
27 2
13 95
72 76
53 49
79 51
62 85
67 69
66 79
65 33
89 60
61 6
17 8
48 13
92 24
93 56
70 46
29 75
28 62
90 81
11 15
21 82
75 11
17 81
94 90
50 47
25 21
53 20
65 57
48 66
86 48
80 14
3 81
75 92
58 70
7 50
12 10
41 48
87 20
76 10
51 5
30 22
98 22
70 3
52 59
18 53
29 89
9 86
72 53
32 18
59 81
86 50
76 2
60 93
76 45
39 36
59 35
1 58
74 52
79 57
49 44
34 19
32 16
27 86
69 24
7 88
21 58
19 76
38 89
22 43
27 39
2 65
91 35
65 90
54 41
90 80
28 21
57 19
28 17
99 38
58 60
52 0
70 76
65 23
12 64
18 50
75 77
66 67
78 9
69 72
16 23
51 0
30 16
23 87
83 30
76 33
7 35
31 6
56 23
15 3
49 17
13 39
14 73
19 6
2 66
2 94
96 94
83 0
6 20
62 44
53 33
11 12
78 35
63 89
70 15
33 42
73 75
59 22
43 47
10 91
31 56
1 57
76 75
12 53
91 50
37 66
71 15
25 71
75 54
48 89
78 70
27 91
58 95
94 61
83 36
28 78
52 96
58 0
84 67
48 4
46 26
99 11
74 51
61 2
29 36
0 59
26 96
33 59
98 14
10 15
80 5
82 69
83 23
62 61
99 40
79 3
65 75
91 46
54 88
39 78
84 0
94 70
40 42
30 86
87 2
38 16
52 9
58 75
30 52
99 26
52 2
72 87
83 31
24 63
91 37
6 84
75 53
57 29
23 30
19 63
27 25
43 37
17 50
60 1
74 55
4 66
73 8
5 20
11 91
72 57
30 89
32 78
15 57
90 13
59 42
50 30
58 52
68 28
64 56
42 27
38 47
39 98
58 39
20 4
66 96
46 27
51 12
36 91
58 5
57 32
11 17
35 88
69 2
30 71
87 77
79 85
71 28
39 41
81 2
11 37
4 99
5 59
74 26
46 79
67 39
84 43
71 35
21 54
61 41
7 53
15 2
93 30
51 11
15 99
21 88
82 46
1 29
93 35
79 20
3 55
87 47
60 73
5 22
70 50
46 45
82 45
60 43
55 46
44 1
61 90
97 36
92 48
3 60
62 70
18 96
67 15
5 31
51 61
17 80
66 68
68 17
25 48
74 10
48 10
98 66
56 3
20 44
86 7
86 80
90 85
21 18
7 41
50 68
24 58
12 47
92 83
57 98
5 50
15 82
76 40
81 55
30 59
19 78
61 78
93 22
92 33
14 12
18 44
72 51
63 47
49 15
60 45
40 58
58 2
34 69
61 84
98 34
48 58
74 38
64 4
43 54
30 56
31 37
45 26
55 21
62 88
6 56
48 70
86 44
84 8
41 16
50 44
97 64
49 37
64 7
99 17
33 67
51 94
67 62
92 17
1 83
5 9
22 67
30 64
19 52
55 44
21 31
35 12
45 38
94 71
16 63
96 71
45 92
2 98
1 78
70 84
59 76
11 6
99 52
8 1
42 50
72 1
13 93
97 24
94 23
88 24
82 31
41 21
73 36
40 56
15 26
57 7
67 88
63 17
95 59
75 52
34 68
53 31
65 50
46 4
80 35
81 1
41 79
25 0
46 56
29 81
72 85
58 71
95 19
50 64
38 40
0 8
71 46
40 44
35 52
2 14
93 74
55 73
95 39
23 15
72 88
37 3
13 86
51 83
62 76
64 24
22 2
25 54
95 28
30 66
93 87
57 10
1 11
87 68
89 59
36 53
97 43
26 73
52 92
46 67
61 85
76 93
91 61
27 72
18 92
55 70
40 82
90 78
38 67
40 20
47 11
0 35
8 38
20 90
22 62
53 93
6 80
86 36
21 22
64 45
19 53
47 29
18 34
51 97
91 6
16 3
63 70
67 94
17 87
78 40
23 88
43 18
23 34
1 36
64 34
39 43
14 66
4 27
90 95
51 78
70 25
86 24
13 63
83 75
1 23
62 80
4 12
56 77
67 72
42 69
40 37
47 86
78 60
76 80
73 67
81 28
94 66
52 25
77 78
63 60
21 61
28 46
71 38
44 6
33 98
51 4
37 81
35 3
5 36
32 92
46 1
98 11
80 4
28 67
40 23
65 19
29 76
80 28
20 42
0 4
37 29
6 28
75 99
71 1
64 95
7 90
25 50
86 11
99 89
89 4
45 35
94 62
1 56
33 38
26 63
23 67
69 20
78 29
9 21
81 87
92 47
36 24
8 49
35 33
33 56
16 58
67 42
92 98
40 71
75 68
36 56
79 54
21 92
3 20
74 64
85 43
28 16
23 96
10 71
83 9
60 9
34 40
12 92
37 99
76 41
58 35
95 94
16 86
96 30
57 16
49 95
99 96
92 14
3 75
4 14
32 47
38 64
12 28
64 84
31 45
57 44
15 89
30 13
80 19
52 54
53 6
65 16
16 11
14 41
19 2
44 17
44 46
71 75
9 2
89 82
24 25
90 84
78 25
65 51
6 45
17 30
81 18
83 85
5 17
24 80
62 13
41 46
45 50
46 64
49 38
56 71
25 93
94 41
9 0
54 13
23 51
68 41
4 61
4 93
19 40
23 59
32 6
95 23
33 28
87 65
87 18
11 74
81 57
62 8
24 19
22 42
50 88
66 53
16 94
39 83
18 6
96 53
53 29
88 12
1 6
23 57
31 94
71 63
53 14
4 3
87 70
47 54
9 41
86 62
5 2
64 6
60 85
8 94
90 3
1 20
35 46
14 46
51 88
36 57
70 12
32 58
83 68
17 41
6 33
49 9
57 87
71 5
51 98
88 83
66 81
86 89
91 29
33 4
5 29
32 72
19 31
5 13
93 62
9 68
36 16
81 56
30 5
51 31
29 19
42 18
25 56
86 3
51 22
86 0
84 78
78 13
58 72
25 41
97 88
60 26
58 84
27 56
75 85
18 7
22 27
68 5
10 81
5 33
26 52
66 15
67 6
45 5
98 9
45 53
58 36
66 21
24 4
66 0
56 95
29 4
71 83
56 79
92 99
81 54
37 74
54 10
99 76
53 21
3 42
26 77
71 45
91 77
91 16
70 13
27 16
56 57
70 71
98 50
11 94
75 91
31 86
46 39
93 48
31 64
62 78
7 75
19 18
28 45
75 50
42 80
14 36
36 92
60 88
74 65
62 4
64 73
91 2
85 98
14 28
82 73
63 44
93 67
75 78
82 57
9 44
29 90
72 80
43 90
81 0
62 95
46 80
99 83
8 32
4 11
87 33
38 15
41 99
47 41
47 70
95 61
31 75
27 84
97 62
88 69
30 73
66 42
83 2
73 25
23 49
42 25
88 98
86 52
85 46
39 34
20 21
61 31
67 2
90 19
21 98
93 82
8 30
86 6
57 0
0 53
7 66
88 70
15 55
25 29
93 84
83 82
35 8
46 21
47 98
49 46
45 14
46 74
85 56
8 53
15 78
54 20
48 94
59 54
77 68
9 1
25 98
89 74
29 79
8 10
23 74
16 50
83 43
29 63
19 72
8 43
43 66
84 7
0 24
72 59
7 20
0 95
60 74
38 48
85 17
68 54
10 21
69 45
77 65
49 7
57 74
51 47
68 94
40 77
63 15
14 5
62 35
69 41
89 83
88 68
28 55
63 34
4 90
66 82
82 59
13 41
38 35
16 2
87 45
6 83
61 15
93 49
55 59
73 92
80 73
1 68
27 74
98 42
37 17
56 28
65 44
37 1
28 90
76 96
53 26
39 44
75 64
57 5
12 61
11 2
60 27
83 4
94 64
80 98
38 36
90 46
18 10
76 60
46 78
18 65
20 72
81 40
66 41
22 17
29 6
66 62
41 3
84 31
58 29
1 0
54 89
34 55
71 16
86 18
0 46
98 64
80 40
13 36
4 85
4 42
38 78
67 34
30 99
97 98
64 88
18 36
81 65
95 74
28 20
26 3
79 72
4 15
61 98
1 48
79 87
14 64
83 57
9 99
95 48
90 83
34 91
32 17
34 28
18 54
97 47
99 47
73 89
66 16
83 21
45 0
32 0
34 10
63 54
73 88
13 25
46 86
47 83
97 19
35 4
79 13
81 23
42 68
0 30
32 19
2 51
36 61
83 60
30 34
35 82
14 24
72 3
41 81
39 48
58 91
38 21
69 3
80 15
75 72
23 35
5 34
64 71
25 91
48 22
43 63
49 70
43 35
87 50
96 2
53 50
66 59
49 16
26 67
69 23
90 55
20 73
66 36
86 85
7 68
70 92
62 65
65 89
3 80
60 5
23 70
5 77
95 69
98 99
70 28
72 83
20 10
69 40
60 23
63 68
21 23
17 36
7 58
21 72
16 60
2 28
48 36
78 48
10 94
87 73
93 34
76 32
99 32
26 65
59 93
24 15
19 87
51 80
12 22
17 2
39 11
91 88
5 37
4 77
81 68
3 83
61 97
2 70
43 1
37 62
67 7
15 95
73 37
66 46
24 30
79 24
97 92
83 91
58 55
25 22
99 36
46 11
63 10
65 6
83 69
5 63
15 64
52 4
24 20
61 72
27 15
56 47
97 50
39 31
55 57
7 32
57 22
51 1
69 17
5 81
21 0
59 48
51 17
77 37
42 8
64 25
15 6
19 10
60 19
47 96
74 47
19 85
35 18
36 62
57 62
39 16
59 58
68 20
59 40
92 15
76 66
56 82
61 47
25 96
90 91
35 9
72 63
33 23
92 64
56 35
90 31
14 88
19 38
9 13
78 65
93 43
98 96
75 97
87 42
73 18
57 66
36 10
88 27
73 69
27 23
92 11
43 36
27 87
41 62
23 0
74 5
21 75
28 93
68 79
72 86
64 32
11 5
38 17
71 29
54 32
9 46
10 69
16 55
91 93
65 7
38 57
27 8
99 55
96 7
7 89
42 56
48 17
17 62
80 74
14 67
7 77
95 53
31 8
50 93
38 95
55 91
68 3
39 26
84 55
62 25
22 65
83 16
13 77
38 56
57 42
96 48
12 20
53 70
89 75
74 97
58 8
42 9
26 12
97 14
51 64
48 54
10 9
97 16
50 36
90 77
72 99
53 3
97 11
61 93
44 98
71 53
23 85
99 56
91 38
91 57
0 15
57 54
74 35
95 37
69 71
99 49
88 52
32 60
29 35
87 7
51 69
80 69
54 1
47 48
97 57
82 67
55 63
39 70
75 13
96 73
90 15
65 93
69 52
82 30
59 88
18 56
12 29
44 59
72 50
3 25
30 77
8 97
73 84
90 68
97 77
71 7
71 22
14 74
4 31
43 92
86 1
16 25
26 28
59 65
44 67
52 91
95 89
52 12
55 35
97 46
24 13
35 90
83 97
50 94
2 7
25 34
92 22
60 65
37 36
69 86
64 58
25 20
61 13
27 52
21 71
72 91
94 80
29 16
9 8
0 82
80 43
40 22
8 44
39 79
32 29
93 38
56 59
74 53
16 56
49 30
91 87
58 74
3 91
52 51
73 12
40 48
13 33
31 96
87 76
50 35
34 73
35 57
15 91
60 0
34 21
21 94
46 5
56 88
80 36
55 1
78 3
24 72
70 16
22 66
85 73
45 77
56 21
20 8
40 13
78 88
92 86
10 39
73 41
29 30
52 90
32 63
34 79
7 13
97 93
63 3
25 57
28 49
96 72
82 48
63 96
49 60
25 1
20 36
62 5
41 96
78 55
79 26
44 15
38 92
93 40
71 50
82 94
5 79
5 26
7 26
7 45
69 93
19 14
5 84
11 89
27 62
1 63
25 49
3 0
25 45
29 98
97 40
23 28
69 13
10 37
77 74
1 53
12 97
95 55
52 79
93 37
43 87
30 81
96 35
37 44
77 95
57 34
91 86
0 76
99 62
56 32
77 48
45 23
37 83
68 61
67 1
82 60
66 87
77 64
26 20
20 14
53 30
80 82
44 4
13 59
11 26
38 31
64 17
55 92
75 26
38 86
78 17
74 72
20 41
6 10
2 33
47 35
79 55
3 32
33 70
85 48
82 23
33 86
64 19
5 1
68 29
22 10
68 0
89 34
95 20
50 57
23 32
67 57
7 5
22 55
90 51
31 12
41 38
12 78
59 45
68 60
19 48
29 40
35 85
63 79
99 70
78 0
71 36
84 79
39 62
80 9
53 42
68 55
28 31
12 6
84 66
20 35
54 65
19 35
81 15
14 50
55 60
98 43
72 68
44 61
82 25
30 94
15 41
2 55
35 72
41 4
89 42
27 55
0 14
47 14
52 93
9 88
28 89
29 97
22 54
4 63
4 73
60 20
88 87
54 98
70 77
97 65
0 50
89 68
9 20
42 44
1 97
20 52
51 6
40 68
8 39
69 0
5 99
5 18
53 90
62 14
9 43
23 42
87 99
89 79
2 8
46 2
84 20
30 46
35 87
42 46
50 96
51 16
76 39
28 52
89 0
58 66
10 5
31 10
79 71
15 76
50 33
45 85
8 36
24 70
67 16
55 11
33 8
52 33
81 69
1 64
21 89
51 38
89 76
52 89
71 73
45 33
13 51
91 67
81 16
13 92
96 86
51 91
93 73
83 64
25 85
23 2
97 70
53 82
54 85
90 33
58 33
95 12
96 13
34 2
66 8
11 44
68 27
36 88
48 28
92 27
84 98
43 59
44 77
94 79
4 9
42 94
13 80
29 55
89 31
54 95
39 42
71 26
11 8
44 84
0 49
63 31
80 57
3 65
98 26
39 75
36 7
40 74
11 45
77 15
72 43
65 38
22 52
69 4
50 6
45 93
40 91
58 23
25 6
49 96
54 34
49 3
98 40
19 79
4 19
20 46
42 29
53 68
14 17
20 76
73 51
93 24
32 77
7 47
39 1
93 14
42 79
58 31
18 13
73 29
0 62
8 99
98 71
32 41
67 30
23 89
18 76
51 27
21 29
6 59
5 75
15 13
6 22
31 25
71 20
58 61
9 36
63 33
59 26
26 50
99 68
10 38
4 37
21 95
6 90
95 85
7 4
67 78
86 10
99 43
9 40
59 70
21 78
18 67
31 67
12 68
59 74
80 99
43 7
57 48
94 43
90 1
24 7
87 44
97 15
22 33
24 98
83 93
32 38
76 7
55 50
30 63
31 95
35 6
29 28
78 98
78 54
54 9
64 36
61 69
19 45
72 23
35 54
75 90
94 88
17 45
97 94
51 71
45 36
40 15
4 96
91 95
95 26
59 12
14 51
58 45
47 23
64 72
39 93
55 94
27 36
86 51
11 65
60 22
72 26
37 8
79 82
75 82
1 87
54 30
31 72
73 94
77 88
54 23
32 73
65 76
95 70
8 40
33 51
71 18
26 56
36 34
64 26
78 34
85 20
57 53
19 5
60 70
3 40
60 75
21 32
82 77
36 2
20 47
70 22
28 39
13 3
27 58
70 73
35 97
74 98
43 15
29 48
32 28
26 19
76 4
77 23
39 63
38 88
39 0
2 50
84 1
25 28
78 69
64 89
65 34
80 85
39 23
60 80
77 8
12 54
88 85
72 8
40 70
38 20
33 11
79 96
29 44
76 48
36 54
95 88
96 69
99 57
63 25
18 30
88 1
59 92
58 54
71 84
63 12
0 38
34 12
86 19
69 63
40 31
75 70
73 97
45 39
32 45
94 40
79 76
94 1
16 64
1 85
53 65
70 72
34 0
67 92
93 26
89 80
11 73
82 42
54 4
35 63
31 20
66 99
52 94
27 76
68 23
73 65
92 30
85 55
31 15
48 33
39 30
60 53
86 57
87 10
28 27
78 14
16 9
16 4
94 18
44 28
7 59
72 90
86 64
63 81
87 95
28 74
28 18
90 14
35 66
71 13
42 92
60 31
10 25
34 16
19 56
0 43
52 57
40 45
88 90
21 51
48 97
94 20
12 18
70 61
6 77
25 90
73 21
32 59
95 18
65 67
44 25
42 45
96 67
22 74
79 59
8 95
35 42
35 61
66 18
56 13
82 7
63 85
53 54
44 41
11 90
46 19
38 66
43 24
92 1
87 36
44 33
83 59
86 79
8 74
38 79
88 81
9 23
6 70
55 86
3 92
98 28
98 38
56 37
43 64
39 54
69 9
38 46
54 51
29 17
54 74
73 63
77 50
