1649054569802774257
1111361430646550436
15469812605492282327
17850949653153345151
10206679939958985314
4173747085326336354
6203342603495042178
10635574145618770877
15329027340628119798
12364961536184509672
8302835263777950980
2886045013999630503
8230158621747979854
12565996854001620530
3916709172299038860
4055172327082091855
7887650823018718639
12322851832076503047
12586382782336337999
2802574143630659031
8048020370610636312
17156860984729001887
11333177112745400255
12307464253260447486
2254196300588978960
18292724778148210629
17487363974160004520
12306397510337839973
6291922155047105110
2108985578809331241
3358774974258770002
9096512968303650322
11161738096367440772
12540144317699188643
2600599421210521026
6024485697047770850
17719366363361585794
8810424108718643298
10109343339953521695
12571826348386866392
8958513993952284230
4086973131188184578
13374346876293370799
16292633573145646396
1173160539429350775
3084485331457402939
18150581854267126856
13205300031548335856
11428802920595354265
5179122566122320380
3760056038184579027
15994918396502597082
15503490944413113308
10920355285064441424
11668328746145052219
17380896158584822528
16651531372211417459
8950816264340483024
12191145247756201456
1205139656019028029
10190440464433691271
4556750954624193348
3690642354305273862
15870312697361466638
4013852996091035177
2051329173426593895
15262805818616114778
14430871096550054886
10612977170559663839
316515544636687784
12705900124063692387
15022951628208791982
1800038910629910505
6633094492333257393
413248131686666721
6728473201674911393
6213302040476167511
515656377682929740
13980060873283236883
12321215736496575244
15076908385215345894
16530523171520415100
5813459864816934656
3375817749671759072
8923410764899203977
957925684904389182
11112234598022439353
6097145051889756618
10765800682577101200
5084063156104835756
10190140225180121520
13951483711284194948
6474155037819551110
14600173099909920446
1800361171786704286
6959832261682177737
13337123617909075517
17314572333393780366
16457495924763007753
10290695758850709943
